           2   946591616.       946591552.    
           3   769467264.       780585920.    
           4   634871744.       635072960.    
           5   568618752.       572356096.    
           6   511504160.       521042080.    
           7   453897600.       474164864.    
           8   412825376.       429198304.    
           9   376932000.       391860480.    
          10   343889248.       362149024.    
          11   322124448.       338344384.    
          12   301110016.       316515328.    
          13   281393376.       297975264.    
          14   260034224.       281814208.    
          15   240713056.       269021696.    
          16   237223216.       260050192.    
          17   234029632.       252349712.    
          18   229518112.       245061776.    
          19   226354512.       238650736.    
          20   224648928.       233437056.    
