   623990.812       780049.750               1         417
   684035.812       232337.328               2         313
   322977.281       514172.656               3         554
   440261.906       402749.531               4         338
   371824.469       252899.734               5         317
   199789.531       195516.562               6         274
   183412.750       284483.656               7         168
   570232.438       442502.844               8         392
   514399.469       608274.438               9         357
   779973.312       468567.812              10         360
   548444.750       286762.938              11         303
   245257.281       363981.219              12         275
   342494.500       755656.500              13         396
              NaN              NaN          14           0
   783842.500       714474.625              15         536
