   542195.000       295674.000               1           0
   327976.000       785379.000               2           0
   660397.000       346291.000               3           0
   295514.000       442073.000               4           0
   524997.000       600241.000               5           0
   824273.000       218640.000               6           0
   301839.000       466431.000               7           0
   633397.000       809821.000               8           0
   781639.000       441804.000               9           0
   577696.000       558890.000              10           0
   512187.000       407952.000              11           0
   551792.000       545343.000              12           0
   660355.000       314646.000              13           0
   497820.000       561443.000              14           0
   644937.000       213926.000              15           0
   827223.000       794418.000              16           0
   232317.000       330706.000              17           0
   519877.000       635541.000              18           0
   519446.000       652215.000              19           0
   375488.000       760828.000              20           0
