   15.5500002       28.6499996               2   5.84045887       1.14017558    
   14.8999996       27.5499992               2   9.39249802      0.917878866    
   14.4499998       28.3500004               2   10.7679873      0.761577547    
   14.1499996       28.7999992               2   10.7428389      0.540831864    
   13.7500000       28.0499992               2   14.2834463      0.565686226    
   13.3500004       28.4500008               2   14.5827541      0.955249369    
   13.0000000       29.1499996               2   12.2470837      0.782622933    
   13.4499998       27.5000000               2   16.3145676      0.667082727    
   13.6000004       26.5000000               2   15.1156778      0.700000763    
   12.8000002       27.3500004               2   19.0193024      0.640312791    
   12.3999996       27.8500004               2   19.1057205       1.01242280    
   12.3000002       28.3999996               2   17.1097927      0.559016168    
   12.1999998       28.6499996               2   15.9628830      0.269258380    
   13.3999996       25.1000004               2   13.5384121      0.961769402    
   12.9499998       25.9500008               2   17.6465054      0.552267313    
   12.8999996       26.5000000               2   18.6207333      0.855862439    
   11.8500004       27.0000000               2   22.2789764      0.667082965    
   11.3500004       28.0000000               2   19.8384686      0.608276725    
   11.1499996       28.7000008               2   15.8909760      0.728011966    
   11.2500000       27.3999996               2   22.3541317      0.986154437    
   10.7500000       27.7000008               2   21.4285660      0.583095789    
   10.5000000       28.3500004               2   17.7273235      0.696419060    
   9.64999962       28.4500008               2   16.2575855      0.790570557    
   10.2500000       27.2500000               2   23.5254192      0.860233128    
   10.7500000       26.5499992               2   25.1425819      0.921953321    
   11.6999998       26.3500004               2   23.1985836      0.460977852    
   11.6000004       25.8999996               2   23.5067577      0.860231578    
   11.8999996       25.0499992               2   21.7267342      0.813940585    
   12.6000004       24.0499992               2   16.9386292      0.832166910    
   11.8999996       24.5000000               2   21.2964725      0.549999237    
   11.1000004       25.2000008               2   25.0419846      0.552268326    
   10.5500002       25.1499996               2   26.6773186      0.799999237    
   10.0500002       25.9500008               2   27.1563225      0.763218164    
   9.35000038       26.6000004               2   26.2431602      0.827647448    
   9.30000019       27.2500000               2   23.4298134      0.651919901    
   9.19999981       27.7999992               2   20.1298370      0.559016347    
   7.50000000       28.2500000               2   13.7560415      0.873212755    
   8.55000019       27.4500008               2   21.5779495      0.403114408    
   8.50000000       27.0499992               2   23.8637924      0.696419537    
   8.05000019       27.2000008               2   22.3121338      0.447215080    
   7.84999990       26.7999992               2   24.2272968      0.583095014    
   7.30000019       27.3999996               2   19.1597805      0.743302882    
   6.80000019       26.8500004               2   21.0044441      0.403113127    
   7.00000000       26.5000000               2   23.6642208      0.585235417    
   7.55000019       26.2999992               2   26.0489216      0.863132358    
   8.55000019       26.2999992               2   27.2220554      0.636395156    
   9.00000000       25.8500004               2   28.3826828      0.447213590    
   8.60000038       25.6499996               2   28.9013710      0.618466377    
   9.39999962       25.5499992               2   28.5154095      0.806225061    
   8.44999981       25.0499992               2   29.7441101      0.602079272    
   8.85000038       24.6000004               2   29.7889137      0.860233128    
   9.64999962       24.7000008               2   28.7389736      0.806225061    
   10.5500002       24.3500004               2   26.7793789      0.800001144    
   11.0500002       23.8999996               2   25.0835381      0.610328019    
   10.5500002       23.5499992               2   26.9576187       1.08166528    
   9.44999981       23.3500004               2   29.4950752      0.604151607    
   9.19999981       23.8999996               2   29.6521606      0.782624245    
   8.35000038       23.8999996               2   30.3007088       14.4935331    
   7.34999990       24.7500000               2   29.6176395      0.502493799    
   7.40000010       25.4500008               2   28.5574417      0.701784253    
   6.59999990       25.7500000               2   25.6677551      0.403113127    
   6.09999990       26.0000000               2   22.6190186      0.559017003    
   5.80000019       26.9500008               2   16.0467930      0.986154437    
   5.65000010       25.7999992               2   21.2671032      0.492443025    
   5.30000019       26.1000004               2   17.9764767      0.460977912    
   6.40000010       25.3999996               2   26.1191444      0.600000381    
   5.40000010       25.2500000               2   21.9173698      0.552267313    
   5.34999990       24.7000008               2   23.0380993      0.509901941    
   4.80000019       25.0499992               2   18.8706970      0.632455707    
   4.19999981       25.5499992               2   13.4080076      0.781025290    
   6.40000010       24.7999992               2   27.4980621      0.522015333    
   6.55000019       24.2999992               2   28.5218811      0.851469219    
   7.40000010       24.2500000               2   30.0076656      0.570087016    
   5.44999981       24.2000008               2   24.3186665      0.790570855    
   4.30000019       24.0000000               2   17.4321690       1.09772539    
   4.00000000       24.2500000               2   15.0850668      0.390512645    
   3.34999990       23.2999992               2   11.2518950       1.09772480    
   4.84999990       23.0499992               2   21.1476765      0.790568829    
   4.30000019       22.7500000               2   17.4186916      0.626497567    
   5.84999990       23.3999996               2   26.4132137      0.158113584    
   5.90000010       23.5499992               2   26.6403847      0.970823228    
   7.55000019       23.7000008               2   30.2116013      0.824621022    
   6.84999990       23.2500000               2   29.2663136      0.813941121    
   7.65000010       23.1000004               2   30.1878300      0.608276606    
   6.94999981       22.5499992               2   29.0169125      0.707107544    
   6.09999990       22.6000004               2   26.7975063      0.715890825    
   5.50000000       22.6000004               2   24.2984734      0.599999905    
   4.69999981       22.1000004               2   19.1685410      0.943398237    
   3.79999995       21.8500004               2   12.9877110      0.934076965    
   4.65000010       21.2000008               2   17.0309734      0.901387393    
   4.15000010       20.3500004               2   11.7821751      0.986154437    
   5.30000019       20.3999996               2   18.4374638      0.460977316    
   5.59999990       20.7500000               2   21.0370617      0.710633099    
   5.80000019       21.9500008               2   24.7257309      0.599999905    
   6.40000010       21.9500008               2   26.9374065      0.813939750    
   6.55000019       21.1499996               2   25.8886242      0.813942194    
   7.44999981       21.9500008               2   29.2513199       1.16726148    
   7.40000010       21.5499992               2   28.6580219      0.403114349    
   7.75000000       21.2000008               2   28.6248474      0.494973600    
   7.65000010       20.6499996               2   27.3384514      0.559018135    
   6.94999981       19.7999992               2   23.0620441       1.10113621    
   6.59999990       20.1000004               2   23.0415592      0.460977912    
   6.05000019       20.2000008               2   21.3103695      0.559016764    
   5.40000010       19.6499996               2   16.2392845      0.756637275    
   5.34999990       19.0499992               2   13.5036106      0.602080107    
   5.80000019       18.2500000               2   11.7713060      0.917877436    
   6.30000019       19.1000004               2   17.8315296      0.728011012    
   7.00000000       18.8999996               2   19.3322392      0.901387393    
   7.15000010       17.8999996               2   14.6613541      0.360555977    
   7.34999990       18.2000008               2   16.8339291      0.782622755    
   8.19999981       20.0499992               2   26.5792847      0.813941121    
   8.30000019       19.4500008               2   24.7527180      0.608274817    
   8.30000019       18.5000000               2   20.6885643      0.540832102    
   8.75000000       18.7999992               2   22.8138847      0.790570557    
   9.05000019       18.2000008               2   20.4369335      0.670819104    
   9.35000038       17.7000008               2   18.2280178      0.583095312    
   8.89999962       17.6499996               2   17.3614597      0.452770144    
   8.44999981       17.2000008               2   14.1726856      0.636395156    
   10.0500002       17.2000008               2   16.0811024      0.860232413    
   10.3999996       16.7500000               2   13.7389765      0.570087969    
   8.60000038       20.8999996               2   28.8886185      0.403112411    
   8.64999962       21.2999992               2   29.4895859      0.600000381    
   8.64999962       21.8999996               2   30.0371990      0.424265027    
   8.64999962       22.5000000               2   30.2630177       1.43178165    
   8.94999981       22.7999992               2   30.1384487      0.424263656    
   9.94999981       22.6499996               2   28.8333569      0.807774782    
   8.94999981       22.2000008               2   30.0945320      0.424263656    
   9.64999962       21.8999996               2   29.3595505      0.761577547    
   10.5500002       22.2999992               2   27.3137741      0.694622755    
   10.8999996       22.8500004               2   25.9220200      0.651920915    
   11.3500004       23.4500008               2   23.8079376      0.540831864    
   12.0500002       23.3999996               2   20.0376377      0.701783359    
   12.3000002       22.7500000               2   18.5603771      0.696419060    
   11.6999998       22.1499996               2   22.3223362      0.559017241    
   11.1499996       22.0499992               2   25.0640125      0.626497209    
   10.8500004       21.5000000               2   26.2746601      0.854399741    
   10.8500004       21.0499992               2   26.1364727      0.450000763    
   9.60000038       21.2999992               2   29.0823097      0.602080047    
   9.85000038       20.7000008               2   28.1152573      0.509902000    
   9.35000038       20.6000004               2   28.3927689      0.743302345    
   9.25000000       19.6499996               2   26.2553024      0.715890825    
   9.94999981       19.7999992               2   26.4204655      0.905539930    
   10.6999998       20.3500004               2   26.0541935      0.715890050    
   11.3000002       20.7000008               2   24.3708363      0.570086598    
   12.3500004       21.6000004               2   18.8354645      0.851469278    
   13.1000004       21.2999992               2   14.5369139      0.604151607    
   12.8500004       20.7500000               2   16.6438675      0.986154437    
   12.0000000       20.0000000               2   21.3656693      0.960468888    
   11.0000000       19.8500004               2   24.6980858      0.583095312    
   10.3500004       19.0000000               2   24.0230656      0.894426763    
   9.89999962       18.6499996               2   23.0066795      0.570088565    
   10.6000004       18.1499996               2   20.8399200      0.860233128    
   11.3999996       18.2999992               2   20.5647335      0.813940227    
   11.3999996       19.2500000               2   22.8156452      0.721110344    
   12.3500004       18.7999992               2   19.3258972       1.05119085    
   12.8000002       19.7500000               2   17.7653160      0.838152885    
   12.1499996       18.1000004               2   18.4439735      0.728010118    
   11.0500002       17.5000000               2   17.6487865      0.790569007    
   11.9499998       17.2500000               2   15.5845222      0.390512645    
   12.2500000       17.5000000               2   16.1592979      0.608276725    
   13.0500002       17.3999996               2   13.8953705      0.806225955    
   13.7500000       18.1499996               2   13.1536474      0.559017003    
   13.5000000       18.6499996               2   14.6436939       1.15974092    
   13.6499996       19.2500000               2   13.8872299      0.618466139    
   14.0000000       19.8999996               2   11.4389839      0.738241017    
   15.1999998       18.2000008               2   7.04798031       1.45086169    
   15.5000000       17.1499996               2   5.25378704       1.09201765    
   13.8999996       17.1000004               2   10.4208183      0.901387036    
   13.7500000       16.6000004               2   9.29982758      0.522015214    
   12.1499996       16.3999996               2   11.2178850      0.873212755    
   7.80000019       13.6999998               7   15.3363228      0.460977107    
   8.85000038       13.3500004               7   14.7178097      0.667083681    
   9.00000000       12.6999998               7   17.1194038      0.749999404    
   9.69999981       12.1000004               7   16.3560448      0.921953917    
   8.05000019       12.8999996               7   19.4307766      0.427199870    
   7.69999981       13.2500000               7   18.1067829      0.494975299    
   6.80000019       13.1999998               7   17.8457279      0.790569425    
   6.59999990       13.4499998               7   15.8976889      0.320156395    
   6.19999981       12.5500002               7   18.8770847      0.806225955    
   5.40000010       12.8500004               7   13.5770788      0.670820594    
   5.69999981       12.2500000               7   17.0720673      0.583095312    
   5.19999981       11.8999996               7   14.3461857      0.610328019    
   5.15000010       11.3500004               7   13.7729168      0.552267253    
   5.84999990       11.1999998               7   17.7672691      0.604152501    
   6.09999990       11.7500000               7   19.7893181      0.838152885    
   7.00000000       12.3500004               7   22.0608253      0.412311077    
   7.05000019       12.4499998               7   21.8248692      0.111802973    
   7.90000010       12.5000000               7   21.4657650      0.651919901    
   8.55000019       12.1000004               7   20.8616848      0.743303657    
   7.84999990       11.8500004               7   23.0165157       4.21930122    
   7.09999990       11.9499998               7   23.0057392      0.756637216    
   6.90000010       11.5000000               7   22.5712624      0.492442638    
   6.84999990       10.8999996               7   20.8074913      0.602080107    
   6.40000010       10.6999998               7   18.5583992      0.492442638    
   5.90000010       10.3000002               7   14.5293713      0.502493799    
   6.40000010       10.2500000               7   16.2230625      0.449999809    
   7.05000019       10.0500002               7   16.6494617      0.540832400    
   7.34999990       10.5000000               7   19.6991692      0.640312195    
   7.65000010       11.1000004               7   22.3422279      0.776208699    
   8.10000038       11.1999998               7   22.1558247      0.460977376    
   8.80000019       11.3999996               7   20.7373180      0.728010774    
   8.30000019       10.5500002               7   19.8298988      0.680073142    
   9.00000000       10.8999996               7   19.7892094      0.538516402    
   9.35000038       10.5000000               7   18.6896858      0.531507254    
   10.1499996       11.0000000               4   17.9910736      0.514781296    
   10.3999996       10.5500002               4   18.8306751      0.743303597    
   10.8999996       10.0000000               4   21.0914230      0.680074036    
   11.5500002       10.1999998               4   22.8408699      0.499999821    
   11.7500000       10.8500004               4   20.3479347      0.680074036    
   10.1000004       8.64999962               4   17.8871498      0.982343912    
   11.0500002       9.10000038               4   23.3514290      0.651920795    
   11.8500004       9.80000019               4   25.7404118      0.781024516    
   12.8500004       10.6499996               4   25.5829601      0.552267313    
   12.8999996       11.6999998               4   18.1859093      0.921954632    
   13.6000004       11.1000004               4   25.3491440      0.667083681    
   14.0500002       11.7500000               4   21.7464714      0.452769071    
   14.5000000       11.8000002               4   22.7642212      0.540832639    
   14.3000002       12.4499998               4   16.6776237      0.680073142    
   17.0000000       12.8999996               4   16.7736645      0.761576831    
   15.8000002       12.6000004               4   18.6129398      0.602080107    
   15.8500004       12.0000000               4   24.0895233      0.499999821    
   16.7000008       12.1999998               4   23.0709972      0.672681749    
   16.2500000       11.6999998               4   27.1978283      0.538516402    
   15.5500002       11.1499996               4   30.6917496      0.608275771    
   14.8000002       11.3500004               4   27.4136162      0.694622755    
   14.4499998       10.7500000               4   30.9043617      0.782623410    
   13.7500000       10.4499998               4   30.4919662      0.531507254    
   12.8000002       10.1000004               4   28.6773338      0.460976899    
   13.1499996       9.80000019               4   31.7243309      0.452769071    
   12.4499998       9.30000019               4   30.5529881      0.738241851    
   11.8000002       8.94999981               4   28.0027924      0.738241017    
   11.1000004       8.44999981               4   24.2487373      0.538516402    
   10.3500004       7.69999981               4   18.8949375      0.982343912    
   10.1000004       6.75000000               4   16.7820091      0.982343912    
   11.3000002       7.94999981               4   25.8619041      0.492442638    
   12.3500004       8.44999981               4   32.1105957      0.855862081    
   13.1000004       8.94999981               4   34.6679878      0.651919901    
   13.1999998       9.35000038               4   33.8224487      0.412310988    
   14.1000004       10.0500002               4   34.0326424      0.776208699    
   11.5000000       7.50000000               4   27.3408794      0.756637275    
   11.3500004       6.90000010               4   25.9788074      0.618465304    
   11.9499998       6.75000000               4   30.0825310      0.570087492    
   12.3999996       7.09999990               4   33.1137581      0.667083800    
   12.2500000       7.59999990               4   32.2932014      0.522015214    
   12.9499998       7.59999990               4   35.9280891      0.610327721    
   13.4499998       7.94999981               4   37.6823807      0.509902000    
   13.3500004       8.25000000               4   37.0277367      0.316227764    
   13.7500000       9.00000000               4   36.9536171      0.583095312    
   14.3000002       9.30000019               4   37.6740685      0.602080107    
   14.8500004       9.55000019               4   38.0826912      0.390511900    
   15.1000004       10.2500000               4   35.6023712      0.335409343    
   15.4499998       10.5500002               4   34.5680962      0.452769071    
   16.3500004       10.8500004               4   33.6953621      0.657647908    
   16.7500000       11.5000000               4   29.1404381      0.763216376    
   16.2500000       10.1999998               4   37.1545563      0.514781296    
   15.3999996       10.1000004               4   36.8416824      0.403113484    
   15.4499998       9.69999981               4   38.4750252      0.499999821    
   15.1499996       9.30000019               4   39.2665939      0.657647908    
   15.2500000       8.64999962               4   40.4698143      0.540832639    
   15.5500002       8.19999981               4   40.9148254      0.492442638    
   14.2500000       8.69999981               4   38.9566803      0.449999809    
   14.2500000       8.25000000               4   39.5435600      0.751664817    
   15.0500002       7.80000019               4   40.7967148      0.640312195    
   14.3000002       7.50000000               4   39.9788170      0.807774782    
   13.5500002       7.44999981               4   38.2117233      0.751664817    
   14.3000002       6.94999981               4   39.8778954      0.447213173    
   13.9499998       6.69999981               4   39.0356102      0.430116564    
   13.0500002       6.94999981               4   36.2696419      0.707106769    
   13.0500002       6.19999981               4   35.4382668      0.670819759    
   11.5500002       6.30000019               4   26.7491360      0.602079332    
   10.8000002       5.84999990               4   20.7584686      0.626498222    
   10.6000004       5.05000019               4   18.1334648      0.824620783    
   11.3500004       5.55000019               4   23.8287182      0.776208699    
   12.1499996       5.40000010               4   28.5999775      0.471699119    
   12.3999996       5.80000019               4   31.2578926      0.412311226    
   12.8000002       5.69999981               4   33.1786728      0.559017003    
   13.6499996       5.90000010               4   37.1745415      0.715891838    
   13.8999996       5.30000019               4   36.5080185      0.636396527    
   13.1000004       5.09999990               4   32.7067184      0.670820415    
   12.5500002       4.90000010               4   29.0499420      0.585235119    
   11.5000000       4.75000000               4   22.1584034      0.813941121    
   11.3500004       4.05000019               4   18.2036381      0.715890825    
   12.3999996       4.34999990               4   25.5103245      0.570088089    
   11.7500000       3.45000005               4   16.7855339      0.721110165    
   12.6499996       3.70000005               4   22.8998909      0.696419299    
   13.3999996       4.34999990               4   30.5861015      0.743304193    
   13.8999996       4.94999981               4   35.3310623      0.350000381    
   12.7500000       3.00000000               4   18.4112816      0.707106888    
   13.5500002       3.15000010               4   23.0818043      0.522015214    
   13.6999998       3.65000010               4   27.4583092      0.602079988    
   14.1000004       4.09999990               4   31.9167156      0.599999428    
   14.6499996       5.05000019               4   37.7107620      0.761576831    
   14.3500004       5.75000000               4   38.7395935      0.813941121    
   14.5000000       6.55000019               4   39.9638519      0.851468861    
   15.1499996       7.09999990               4   40.8213882      0.494974971    
   13.6000004       2.54999995               4   18.4067173      0.602079868    
   14.4499998       2.40000010               4   19.9506340      0.667083204    
   14.6000004       3.04999995               4   26.0299625      0.531507075    
   15.0000000       3.40000010               4   29.9211502      0.269258201    
   15.2500000       3.50000000               4   31.2583981      0.813941121    
   14.6999998       4.09999990               4   33.7545662      0.400000095    
   14.6999998       4.50000000               4   35.7759781      0.552268267    
   15.2500000       2.70000005               4   24.7243748      0.707106590    
   15.6499996       2.04999995               4   19.5383167      0.763216794    
   15.9499998       2.79999995               4   26.9962502      0.699999809    
   16.1000004       3.54999995               4   33.1808243      0.492443234    
   15.8999996       4.00000000               4   35.6447716      0.626498938    
   15.6000004       4.75000000               4   38.4086571      0.304138362    
   15.5500002       5.05000019               4   39.1794586      0.492442638    
   15.3500004       5.50000000               4   39.8372993      0.492443025    
   15.1499996       5.94999981               4   40.2085724      0.680073738    
   15.5000000       6.75000000               4   40.8766785      0.447213590    
   15.6999998       6.34999990               4   40.8159676      0.447213590    
   16.2000008       5.90000010               4   40.7855072      0.672681749    
   16.3500004       5.34999990               4   40.3913269      0.570087790    
   16.2000008       4.55000019               4   38.4537659      0.776208699    
   16.5499992       4.19999981               4   37.4127655      0.494973928    
   16.9500008       4.75000000               4   39.6024513      0.353551894    
   17.0499992       5.09999990               4   40.3435822      0.743302345    
   17.2999992       4.80000019               4   39.8499527      0.390512258    
   17.2999992       4.15000010               4   37.6937752      0.335411280    
   17.6000004       4.30000019               4   38.3963203      0.583095789    
   17.0499992       3.70000005               4   35.1803093      0.514781535    
   17.2500000       3.04999995               4   30.6367664      0.680073857    
   16.6499996       2.79999995               4   27.9766102      0.650000334    
   16.5499992       2.15000010               4   21.8038769      0.657647252    
   17.2000008       2.04999995               4   21.4269657      0.657648861    
   18.1499996       1.95000005               4   20.6790123      0.509902000    
   18.0499992       2.45000005               4   25.5202160      0.608276248    
   18.1499996       3.04999995               4   30.8081474      0.602080345    
   18.6000004       3.45000005               4   33.5618629      0.250000507    
   18.3999996       3.59999990               4   34.6901703      0.649999917    
   18.8500004       3.20000005               4   31.5047951      0.353553385    
   19.1000004       2.65000010               4   26.5724792      0.604152262    
   19.4500008       2.65000010               4   26.0020676      0.350000381    
   19.0000000       2.09999990               4   21.5448723      0.559017241    
   19.8999996       2.04999995               4   19.5340958      0.749999464    
   20.4500008       2.79999995               4   24.8704720      0.602079988    
   19.7999992       3.25000000               4   30.2639179      0.738240540    
   19.4500008       3.90000010               4   35.2081223      0.738241434    
   18.6499996       4.19999981               4   37.6593857      0.471699119    
   18.3999996       4.59999990               4   39.2190552      0.291547656    
   18.6499996       4.75000000               4   39.4417076      0.412310749    
   18.7500000       5.15000010               4   40.0909424      0.602079570    
   19.1000004       4.55000019               4   38.4649887      0.492443502    
   17.8999996       5.40000010               4   40.7140656      0.390512258    
   17.6499996       5.69999981               4   40.8819618      0.694622755    
   17.0499992       6.05000019               4   40.9346161       1.74140704    
   17.3999996       6.50000000               4   40.8115196      0.570087790    
   16.6000004       6.84999990               4   40.8875809      0.917877197    
   15.6999998       7.15000010               4   40.9827919      0.602079690    
   15.7500000       7.75000000               4   41.0138474       27.3576775    
   16.6000004       7.94999981               4   40.8055038      0.559016764    
   20.3999996       3.40000010               4   29.8048038      0.618466258    
   20.7000008       3.45000005               4   29.2320805      0.304139256    
   21.1499996       2.84999990               4   22.9160709      0.701782286    
   21.7500000       2.65000010               4   18.8498402      0.632455826    
   22.0000000       3.25000000               4   22.4515114      0.320156693    
   22.2000008       3.50000000               4   23.2826328      0.790569425    
   21.4500008       3.75000000               4   28.5278854      0.460977644    
   21.1000004       4.05000019               4   31.7251110      0.715891182    
   20.1499996       4.30000019               4   35.7258415      0.849999845    
   20.7999992       4.69999981               4   35.6795616      0.460977167    
   20.7000008       5.15000010               4   37.2585106      0.583095789    
   19.7500000       5.05000019               4   38.8105736      0.460977107    
   19.8500004       5.50000000               4   39.3286629      0.750000179    
   20.3999996       5.65000010               4   38.6879272      0.570087016    
   20.5499992       5.75000000               4   38.5514908      0.180277184    
   18.7000008       5.75000000               4   40.5397682      0.390513361    
   19.2500000       5.94999981               4   40.1884499      0.585234225    
   18.3999996       6.00000000               4   40.6891556      0.781024873    
   18.4500008       6.59999990               4   40.4717216      0.602079749    
   17.6499996       7.05000019               4   40.5493584      0.604152501    
   16.7000008       7.40000010               4   40.8066826      0.559017241    
   18.6499996       7.30000019               4   40.0754395      0.602080107    
   18.0499992       7.34999990               4   40.2933655      0.499999523    
   17.8500004       7.75000000               4   40.2468491      0.447213173    
   17.5000000       8.25000000               4   40.2814827      0.494975299    
   17.1499996       8.60000038               4   40.3363686      0.756637216    
   17.0499992       9.00000000               4   40.0680809      0.412310302    
   16.3999996       8.69999981               4   40.6238480      0.776208937    
   16.0499992       8.94999981               4   40.4344559      0.430116564    
   16.0499992       9.60000038               4   39.1956749      0.650000572    
   16.5000000       9.75000000               4   38.8265991      0.474342257    
   17.2500000       9.60000038               4   38.9234772      0.626497626    
   17.6000004       9.89999962               4   37.8327179      0.460977018    
   17.7999992       9.30000019               4   39.1176491      0.776208937    
   18.0000000       8.55000019               4   39.8216972      0.583095312    
   18.7999992       8.10000038               4   39.6344681      0.813941121    
   18.7999992       8.35000038               4   39.4726677      0.250000000    
   19.3999996       7.59999990               4   39.6094551      0.781025589    
   19.2500000       6.59999990               4   40.0896645      0.650000095    
   20.0499992       6.94999981               4   39.4643478      0.599999905    
   19.7999992       7.50000000               4   39.4425735      0.412310153    
   20.0499992       6.34999990               4   39.5160828      0.838151991    
   21.1499996       5.69999981               4   37.2868843      0.602080107    
   21.6499996       4.84999990               4   33.4804230      0.863134205    
   22.1499996       4.34999990               4   28.9128208      0.531507611    
   23.0499992       3.34999990               4   17.4657974      0.450000048    
   23.0499992       3.79999995               4   20.3722076      0.608276427    
   23.1499996       4.40000010               4   23.1752663      0.738240778    
   22.5000000       4.75000000               4   29.0229073      0.570087790    
   22.1499996       5.19999981               4   32.6164665      0.552268326    
   24.1499996       4.55000019               4   16.5160904      0.820060670    
   23.5000000       5.05000019               4   23.6404839      0.471698731    
   23.1000004       5.30000019               4   27.4769020      0.460977107    
   23.0000000       5.75000000               4   29.4862881      0.728011012    
   22.2000008       5.75000000               4   33.8936615      0.570087790    
   21.8500004       6.19999981               4   36.0011597      0.860233128    
   20.7500000       6.55000019               4   38.7342110      0.728011847    
   21.0000000       7.15000010               4   38.3912010      0.559017003    
   20.7500000       7.65000010               4   38.5464935      0.930053592    
   20.0000000       8.19999981               4   38.8570518      0.728011012    
   19.5000000       8.64999962               4   38.7283211      0.672681034    
   18.8500004       9.05000019               4   38.6495476      0.701783359    
   18.7500000       9.55000019               4   37.6875992      0.509902000    
   18.6000004       10.0000000               4   36.4320755      0.474341333    
   16.9500008       10.3500004               4   36.4941521      0.715891898    
   17.3500004       10.8500004               4   33.6309700      0.640312195    
   18.0000000       10.6499996               4   34.1965752      0.849999845    
   18.5000000       10.5500002               4   34.0748329      0.509901822    
   18.1000004       11.1000004               4   31.2869034      0.460978061    
   17.5499992       11.3000002               4   30.4465847      0.492442250    
   17.9500008       11.8999996               4   25.2149353      0.721110642    
   18.2999992       12.0000000               4   23.8651638      0.364004135    
   18.0000000       12.5000000               4   19.8108234      0.583094835    
   19.0000000       11.6499996               4   25.5019188      0.781024516    
   19.5000000       11.0500002               4   29.0033569      0.502493739    
   19.4500008       10.5500002               4   32.4137611      0.694621086    
   19.3999996       9.64999962               4   36.6239319      0.657646835    
   20.1000004       9.39999962               4   36.4427872      0.743304193    
   20.0499992       9.94999981               4   34.3696442      0.552268326    
   20.0499992       10.1999998               4   33.1109123      0.250000000    
   19.3500004       12.1999998               4   19.9359169      0.651920617    
   19.2000008       12.2500000               4   19.8660965      0.158113584    
   20.0499992       11.6000004               4   23.1366711      0.710634887    
   20.6000004       11.1499996               4   25.0562706      0.509902000    
   20.7000008       10.6499996               4   28.5030308      0.514781296    
   21.2999992       11.6499996               4   18.3334579      0.707106769    
   21.7999992       11.1499996               4   20.2710323      0.452769190    
   21.8500004       10.6999998               4   23.5191231      0.680073380    
   21.6499996       10.0500002               4   28.9358692      0.600000381    
   20.9500008       10.1999998               4   30.6651020      0.502493918    
   20.8999996       9.69999981               4   33.5447769      0.540833175    
   21.6499996       9.44999981               4   32.2063828      0.492441773    
   21.2000008       9.25000000               4   34.6012001      0.672681749    
   20.7500000       8.75000000               4   37.1280670      0.200000763    
   20.5499992       8.75000000               4   37.4571571      0.777817070    
   21.1000004       8.00000000               4   37.7144852      0.494974971    
   21.6499996       8.64999962               4   35.1143608      0.460977107    
   21.7500000       8.19999981               4   35.7753143      0.680073142    
   21.9500008       7.55000019               4   35.9222374      0.961769402    
   22.0000000       6.75000000               4   35.9043198      0.570087790    
   22.7999992       6.44999981               4   31.9446411      0.250000000    
   22.6499996       6.65000010               4   32.9538307      0.657646954    
   22.7500000       7.05000019               4   32.5081749      0.412310749    
   23.0000000       7.34999990               4   30.8776150      0.390512258    
   22.5499992       7.90000010               4   32.8792953      0.694620848    
   22.2000008       8.69999981               4   32.7393150      0.552269220    
   22.8999996       8.44999981               4   29.5791702      0.651920199    
   22.3500004       9.19999981               4   30.0794888      0.522015214    
   22.7500000       9.35000038               4   27.0328941      0.427200049    
   22.3999996       10.0500002               4   25.1781311      0.750000000    
   23.0499992       10.8999996               4   15.6791468       1.07004607    
   23.2999992       9.85000038               4   20.6873474      0.743302882    
   23.9500008       9.80000019               4   16.3335514      0.651921809    
   23.6499996       9.10000038               4   21.8091412      0.254951209    
   23.7000008       8.85000038               4   22.4030533      0.894428492    
   24.2500000       8.25000000               4   19.6937122      0.813940823    
   24.8500004       7.94999981               4   15.2222567      0.670820832    
   23.5000000       7.84999990               4   26.7097454      0.707106769    
   23.8500004       7.34999990               4   24.4999485      0.610328019    
   23.9500008       6.90000010               4   23.7791538      0.460977107    
   23.6499996       6.50000000               4   26.0346680      0.851469696    
   23.6000004       5.69999981               4   24.9967651      0.602080107    
   24.2999992       5.65000010               4   19.0601883      0.701782286    
   24.7999992       6.40000010               4   16.0682564      0.901387811    
   34.0499992       3.50000000               3   12.8772745      0.715891182    
   33.0499992       3.84999990               3   15.1930780      0.680072308    
   32.0000000       3.79999995               3   12.6105623      0.608276427    
   31.8999996       4.40000010               3   15.4470854      0.715890825    
   31.0499992       4.75000000               3   13.3322020      0.919239104    
   30.3999996       5.65000010               3   13.1533890      0.570087790    
   30.7500000       6.09999990               3   16.4024792      0.992471755    
   30.0000000       6.69999981               3   13.7460346      0.707107127    
   30.1000004       7.40000010               3   15.8362656      0.751664817    
   29.5000000       8.14999962               3   13.3952208      0.919239283    
   30.7500000       8.00000000               3   20.4707298      0.763216376    
   30.8500004       7.34999990               3   19.8346195      0.657647491    
   31.5000000       6.75000000               3   21.6151791      0.901386440    
   31.7500000       5.94999981               3   20.8048363      0.781023800    
   32.3499985       6.44999981               3   23.9689789      0.636396527    
   32.7999992       6.00000000               3   24.0741463      0.912415922    
   32.0499992       5.09999990               3   19.1728859      0.807774603    
   32.7999992       4.80000019               3   19.9957294      0.430116206    
   32.6500015       4.40000010               3   17.7000446      0.427199453    
   33.6500015       4.59999990               3   19.6114864      0.813942850    
   33.0499992       5.15000010               3   21.8703022      0.626497388    
   33.5999985       5.44999981               3   23.1552029      0.707107365    
   34.5000000       5.05000019               3   20.1139393      0.854399860    
   34.9000015       4.65000010               3   17.0086498      0.565686584    
   35.4500008       4.09999990               3   12.1925154      0.777817070    
   34.5999985       4.05000019               3   14.9918633      0.427197903    
   34.2000008       4.19999981               3   16.7820244      0.680072963    
   36.2999992       5.19999981               3   12.0138731      0.764852941    
   35.5499992       5.34999990               3   16.7089024      0.901387811    
   35.9500008       6.05000019               3   16.3875561      0.806226790    
   34.7999992       5.84999990               3   21.7200317      0.970824838    
   33.7000008       6.15000010               3   24.9114265      0.514781296    
   33.9500008       6.59999990               3   25.4381638      0.514781773    
   33.7000008       7.05000019               3   26.2077789       1.10113621    
   32.7500000       7.09999990               3   25.7335644      0.838152885    
   32.2999992       7.65000010               3   25.4752617      0.710634172    
   33.0000000       7.90000010               3   26.7304707      0.890224457    
   31.9500008       8.14999962               3   25.2071609      0.610326529    
   31.1499996       8.64999962               3   23.1776466      0.943399072    
   30.3500004       8.85000038               3   19.3962345      0.460977018    
   29.8500004       9.00000000               3   16.4080391      0.522015214    
   30.7000008       9.14999962               3   21.5686016      0.672680438    
   29.7000008       9.89999962               3   15.4197197      0.751664817    
   30.4500008       9.94999981               3   20.3320751      0.509901822    
   30.9500008       9.85000038               3   23.0861263      0.919238269    
   31.7999992       9.44999981               3   26.0648499      0.728011668    
   32.4500008       8.80000019               3   26.8053722      0.851468682    
   33.5499992       8.60000038               3   27.2266312      0.701783240    
   34.3499985       7.69999981               3   25.8928432      0.919236958    
   34.7000008       8.00000000               3   25.1683083      0.460979074    
   34.5999985       7.25000000               3   24.8908310      0.514781296    
   35.0000000       6.80000019               3   22.8981209      0.602080584    
   35.5000000       7.34999990               3   21.3098946      0.715891659    
   36.0999985       7.50000000               3   17.9587555      0.618464410    
   36.5499992       7.00000000               3   14.3684072      0.672681749    
   36.0000000       8.19999981               3   19.0610943      0.667084634    
   35.3499985       8.05000019               3   22.6357021      0.651917994    
   36.5499992       8.64999962               3   15.4078970      0.474341631    
   36.4000015       9.10000038               3   16.1745911      0.900001526    
   35.5000000       9.10000038               3   21.7424469      0.390511900    
   34.5499992       8.85000038               3   25.7246304      0.667082310    
   35.2500000       9.39999962               3   22.7498188      0.832166910    
   34.4000015       9.50000000               3   25.8842525      0.626500964    
   33.5000000       9.30000019               3   27.4294605       1.01980400    
   33.8499985       9.80000019               3   26.9481544      0.610326886    
   32.5000000       9.64999962               3   27.4050865       1.03077614    
   32.2999992       10.2500000               3   27.2778969      0.632456124    
   33.2999992       10.3000002               3   27.4650898       8.08037758    
   31.6000004       10.5000000               3   25.5574417      0.743302345    
   30.6000004       10.5000000               3   20.8328247      0.738241017    
   30.3999996       11.1000004               3   18.5720825      0.610327423    
   30.8999996       11.4499998               3   20.7489319      0.849999845    
   30.7000008       11.6499996               3   18.9841843      0.282841772    
   30.3999996       12.0500002               3   15.7426624      0.500001132    
   31.2000008       12.0000000               3   20.5861969      0.626498938    
   31.9500008       11.3500004               3   25.4496613      0.782624245    
   31.6499996       11.0500002               3   25.0962963      0.424265027    
   32.9500008       11.1499996               3   26.9061432      0.919237673    
   32.6500015       11.6999998               3   25.7621479      0.626497984    
   32.2500000       12.2500000               3   23.5029736      0.680074573    
   32.0499992       12.2500000               3   23.0227451      0.200000763    
   31.2999992       12.6999998               3   18.2069073      0.696420848    
   31.9500008       12.9499998               3   19.7733002      0.707106352    
   32.7500000       13.1000004               3   20.6690292      0.494973928    
   33.1500015       13.1999998               3   20.1622143      0.412311912    
   33.0999985       12.7500000               3   22.0878468      0.651920080    
   33.1500015       12.1000004               3   24.4599476      0.640312791    
   34.2999992       11.7500000               3   22.3635902      0.827648222    
   34.0000000       10.8500004               3   25.5690231      0.890225410    
   34.6500015       11.0000000               3   22.8430347      0.667084634    
   34.7999992       10.1000004               3   23.8918495      0.721109271    
   35.6500015       9.85000038               3   19.9983273      0.602081299    
   36.3499985       10.0000000               3   15.2655506      0.715887964    
   35.5499992       10.7500000               3   18.6839333      0.905538380    
   35.7999992       11.5500002               3   14.8007221      0.632454038    
   35.2000008       11.7500000               3   17.7685680      0.500000000    
   34.7000008       11.7500000               3   20.4987698      0.400001526    
   34.9500008       12.7500000               3   15.4550619      0.921955884    
   34.0499992       12.5500002               3   20.5725155      0.838152885    
   34.0499992       13.0500002               3   18.5492935      0.500000000    
   33.2500000       13.6999998               3   18.0327244      0.509901643    
   33.2000008       14.1499996               3   16.5700550      0.452768981    
   33.2500000       14.6999998               6   15.3424320      0.514781296    
   33.0000000       15.1499996               6   15.3618593      0.502493739    
   32.9500008       15.6499996               6   16.0504475      0.610329092    
   32.5999985       16.1499996               6   17.5986500      0.618465662    
   32.4500008       16.7500000               6   20.2560215      0.360554904    
   32.6500015       17.0499992               6   21.9371033      0.269257665    
   32.7500000       17.2999992               6   23.2522774      0.657648623    
   31.7500000       17.2000008               6   21.1103077      0.452768028    
   31.7000008       17.6499996               6   23.3964863      0.921954215    
   31.0000000       17.5000000               6   19.2963886      0.427199692    
   31.1499996       17.8999996               6   22.2010002      0.604153335    
   30.4500008       18.0499992               6   18.6519547      0.715889812    
   30.0499992       18.7999992               6   18.7734642      0.500000000    
   30.5499992       18.7999992               6   22.3449841      0.502493739    
   30.5000000       19.2999992               6   23.4294548      0.776208937    
   30.2500000       19.3999996               6   21.8989105      0.269258380    
   29.6000004       19.8500004               6   17.8075428      0.790569544    
   29.1499996       20.5499992               6   15.1213284      0.832165301    
   30.2500000       20.4500008               6   23.2826118      0.602081299    
   30.7000008       20.0499992               6   25.9187450      0.335409343    
   31.0000000       19.8999996               6   27.4878044      0.604151607    
   31.5499992       19.6499996               6   29.7136555      0.632456124    
   31.5000000       18.5499992               6   26.7777538      0.552267432    
   32.0499992       18.6000004               6   28.7364025      0.509901643    
   31.9500008       19.1000004               6   29.9836903      0.827646613    
   32.5999985       18.3500004               6   28.4015236      0.604151607    
   32.8499985       17.9500008               6   26.5042801      0.471698731    
   33.4500008       17.4500008               6   22.6997051      0.715892136    
   33.7000008       17.0000000               6   19.5248680      0.514782190    
   34.2500000       17.3500004               6   18.6065063      0.651919842    
   34.2999992       18.0499992               6   21.7250595      0.570088565    
   33.8499985       18.3999996               6   25.6441860      0.813940704    
   33.0499992       18.8500004               6   29.8127689      0.390511900    
   33.2500000       18.9500008               6   29.7255974      0.223607644    
   32.7999992       19.1499996               6   30.9043503      0.850000381    
   32.2999992       19.8500004               6   31.7815495      0.522015214    
   32.7999992       20.0000000               6   32.1431580       15.3500814    
   31.7500000       20.2500000               6   30.7846336      0.680072725    
   31.7500000       20.7500000               6   30.7179489      0.500000000    
   32.0999985       21.1499996               6   31.3142223       1.07703280    
   31.5499992       21.6000004               6   29.6100731      0.710633457    
   30.6499996       21.2999992               6   25.8483295      0.806226254    
   29.9500008       21.6000004               6   21.3810081      0.602078617    
   29.5000000       21.6000004               6   18.1547337      0.450000763    
   30.3500004       22.0499992               6   23.8498192      0.701782286    
   31.0499992       22.0000000               6   27.4904804      0.538516760    
   31.5499992       22.2000008               6   29.1688137      0.600000381    
   30.9500008       22.6499996               6   26.6744881      0.657646716    
   30.2999992       23.1000004               6   23.0759697      0.790571094    
   29.6000004       23.1499996               6   18.4875755      0.701782286    
   29.3500004       22.5499992               6   16.9419899      0.650000334    
   29.2000008       23.8500004               6   15.2082434      0.806226254    
   30.7500000       24.0000000               6   24.7739716      0.250000387    
   30.9500008       24.1499996               6   25.4965916      0.583095789    
   31.4500008       23.7000008               6   27.7205143      0.743304312    
   31.9500008       23.1499996               6   29.3667946      0.743304312    
   32.5499992       22.0499992               6   31.1493187       1.00623059    
   32.5999985       22.5499992               6   30.7001266      0.502493739    
   33.2500000       22.2500000               6   30.9779682      0.728011966    
   33.6500015       21.8999996               6   30.8317528      0.531508684    
   33.5000000       21.2999992               6   31.4997330      0.680073798    
   33.0999985       20.7500000               6   32.1406517      0.807774425    
   33.7999992       20.3999996               6   30.8257370      0.782624662    
   33.8499985       20.0000000               6   30.2482777      0.403112411    
   34.1500015       19.2999992               6   27.4886227      0.761579216    
   34.8499985       18.8500004               6   21.8221207      0.832162678    
   35.2999992       18.5499992               6   17.4832573      0.540833950    
   35.4000015       19.3500004               6   19.8488064      0.738241911    
   34.5499992       19.7500000               6   26.6127815      0.602078795    
   35.0499992       20.0000000               6   24.1560726      0.559017003    
   35.9500008       19.8500004               6   17.2252254      0.743302882    
   36.3499985       20.6000004               6   15.5932856      0.849998951    
   35.5000000       20.5499992               6   22.0682011      0.707106769    
   34.4500008       20.6499996               6   28.5694237      0.602080047    
   34.4000015       21.2500000               6   29.0039349      0.538516760    
   35.0000000       21.0499992               6   25.9070721      0.632454336    
   35.7500000       21.2999992               6   20.8960705      0.728011966    
   35.0499992       21.5000000               6   25.6921673      0.452769935    
   34.5999985       22.0499992               6   27.7742805      0.499997705    
   34.2000008       21.7500000               6   29.5615463      0.570086896    
   36.2500000       21.9500008               6   17.0310936      0.651918769    
   35.7000008       22.2999992               6   20.9907513      0.632456124    
   35.5000000       22.8999996               6   21.7188091      0.848527312    
   35.8499985       23.2500000               6   18.7711926      0.494973928    
   36.2999992       23.7999992               6   14.6182346      0.710633457    
   35.4500008       24.1000004               6   19.9184341      0.813940823    
   34.9000015       23.5000000               6   24.3656120      0.790571094    
   34.2000008       22.8999996               6   28.3370533      0.531508505    
   33.8499985       23.2999992               6   28.7370510      0.602078319    
   33.2500000       23.3500004               6   29.6679325       1.03077829    
   32.4500008       23.7000008               6   29.3893948      0.873211920    
   33.5999985       23.8999996               6   28.3062477      0.650000334    
   34.2500000       23.9500008               6   26.3961086      0.651921868    
   34.2500000       24.1000004               6   26.0907879      0.149999619    
   35.4000015       24.7000008               6   18.8110371      0.602080047    
   35.1500015       25.2999992               6   18.6089001      0.649998605    
   34.4000015       24.8999996               6   23.5773716      0.701784194    
   33.7000008       24.8500004               6   26.1013737      0.955249667    
   32.2500000       24.4500008               6   28.2262325      0.776208937    
   32.5000000       24.7000008               6   27.8958511      0.353553385    
   31.4500008       24.4500008               6   26.8351021      0.750000000    
   31.5499992       25.2000008               6   25.6567326      0.756637096    
   31.0499992       25.0000000               6   24.5286732      0.538516760    
   30.2500000       24.2999992               6   21.7562008      0.583094835    
   29.7999992       24.7999992               6   18.1625843      0.672681749    
   29.6000004       25.5000000               6   15.3558054      0.728011429    
   29.7000008       26.0499992               6   14.4249630      0.559016347    
   30.5000000       25.5000000               6   20.7736778      0.743302882    
   30.6499996       26.0000000               6   19.9239693      0.522015214    
   31.2500000       26.0499992               6   22.1725101      0.901386142    
   31.4500008       26.9500008               6   18.6633434      0.761578500    
   30.7500000       26.8999996               6   16.5133972      0.701784313    
   30.6499996       27.1499996               6   14.8426056      0.269258380    
   31.2500000       27.8500004               6   13.0164824      0.608276725    
   31.8500004       27.7500000               6   14.8582792      0.851469755    
   32.7000008       28.2000008               6   12.4890547      0.851469994    
   33.2500000       27.5499992               6   15.9394007      0.680073798    
   32.4000015       27.1000004               6   19.1888847      0.514782190    
   32.1500015       26.6499996               6   21.4117126      0.728009045    
   32.3499985       25.9500008               6   24.4990425      0.750002325    
   32.9500008       25.5000000               6   25.7317905      0.917877734    
   33.8499985       26.0499992               6   21.8677120       1.05474877    
   33.0499992       26.5000000               6   21.8372936      0.890224814    
   33.6500015       27.0000000               6   18.1303082      0.781026721    
   34.0999985       27.3500004               6   14.9183035      0.570085585    
   34.2000008       27.9500008               6   11.3668671      0.608277023    
   34.6500015       26.8500004               6   15.2493105       1.01118743    
   35.2500000       26.0000000               6   15.6982822      0.707107306    
   35.7000008       26.1499996               6   12.6098251      0.474342257    
   34.4000015       25.6000004               6   21.4303493      0.700000763    
   21.2999992       20.7999992               1   14.1456347      0.667085052    
   20.1499996       20.8999996               1   13.2832355       1.01242375    
   19.2000008       21.3500004               1   12.4870768      0.509902000    
   19.1000004       21.8500004               1   13.9746437      0.602078617    
   18.4500008       22.7999992               1   12.1072226      0.335410178    
   18.7500000       22.9500008               1   13.8429241      0.651919842    
   19.3999996       23.0000000               1   17.3852100      0.738241017    
   19.5499992       22.2500000               1   17.3260193      0.764852822    
   19.7999992       21.8500004               1   17.1156044      0.471698731    
   20.5000000       21.8500004               1   19.3956699      0.901387811    
   21.4500008       21.4500008               1   18.4558392      0.514780521    
   21.7000008       21.8999996               1   20.8778172      0.500000358    
   21.3999996       22.2999992               1   22.4881954      0.500000358    
   21.0000000       22.6000004               1   22.8014355      0.380788863    
   21.1499996       22.9500008               1   23.2919559       9.24391842    
   20.5000000       22.8500004               1   21.9122028      0.559017003    
   19.7500000       23.6499996               1   17.9981842      0.921954215    
   19.2000008       23.7000008               1   15.2664433      0.552267432    
   18.4500008       24.3500004               1   9.62622929      0.992471457    
   20.6499996       23.8500004               1   20.3942852       1.01118743    
   20.6499996       24.2999992               1   18.2600918      0.449998856    
   19.7000008       24.6000004               1   13.8216801      0.951315641    
   20.1499996       25.0499992               1   12.6383152      0.636394501    
   22.1499996       25.1000004               1   14.2724142      0.710633457    
   21.6000004       24.6499996               1   17.3820515      0.855862558    
   21.7000008       23.7999992               1   21.8960533      0.249998853    
   21.8999996       23.6499996               1   22.3604279      0.939414859    
   22.5499992       23.5000000               1   21.7720909      0.667082727    
   22.5499992       24.2999992               1   18.6620598      0.799999237    
   23.2999992       24.4500008               1   15.7899647      0.657648861    
   24.2500000       24.3500004               1   12.1435804      0.955249429    
   23.7999992       25.2500000               1   9.94486237      0.943397462    
   23.3999996       23.7999992               1   18.0194244      0.781023800    
   22.8999996       23.2000008               1   21.1878033      0.460977018    
   22.2999992       22.7999992               1   22.8244495       1.15974116    
   22.2000008       22.3999996               1   22.2518845      0.412309825    
   23.1000004       21.7000008               1   16.8228226      0.320155501    
   22.8500004       21.8999996               1   18.6662445      0.761577725    
   22.6499996       21.1000004               1   14.7003002      0.750000775    
   23.1499996       22.6000004               1   19.8704109      0.650000334    
   24.1000004       21.8999996               1   13.2377892      0.728011429    
   24.7000008       22.2000008               1   10.9850216      0.565686226    
   24.2999992       22.6000004               1   13.9714270      0.715889812    
   24.1499996       23.2999992               1   15.1069450      0.291548371    
   23.8999996       23.4500008               1   16.3309097      0.610326886    
   5.19999981       2.15000010               5   15.6797485      0.585235059    
   6.34999990       1.95000005               5   17.5976334      0.531507313    
   6.75000000       2.29999995               5   20.0665379      0.636395991    
   5.90000010       2.40000010               5   19.9564114      0.670820177    
   5.40000010       2.70000005               5   19.5588036      0.583095193    
   4.84999990       2.90000010               5   17.0054436      0.449999809    
   4.84999990       3.34999990               5   17.8704910      0.316228002    
   5.15000010       3.45000005               5   19.9728546      0.549999714    
   5.69999981       3.45000005               5   22.9841595      0.559017003    
   6.19999981       3.00000000               5   23.6090889      0.200000048    
   6.19999981       3.20000005               5   24.1910038      0.550000191    
   7.65000010       2.15000010               5   16.6648865      0.721110225    
   7.19999981       2.75000000               5   21.7992897      0.636395991    
   6.75000000       3.20000005               5   24.4139404      0.349999905    
   6.75000000       3.54999995               5   24.8859653       5.53195286    
   6.65000010       3.79999995               5   24.8083210      0.269258201    
   5.80000019       4.00000000               5   22.8451271      0.471698731    
   4.94999981       4.05000019               5   18.0254135      0.335409969    
   5.09999990       4.34999990               5   18.0477295      0.608276188    
   5.69999981       4.44999981               5   20.7332649      0.460977107    
   5.44999981       4.84999990               5   17.4471302      0.471699119    
   6.69999981       4.80000019               5   20.6435947      0.640312493    
   6.55000019       5.05000019               5   18.9304714      0.291547418    
   7.19999981       4.90000010               5   19.4846115      0.509901941    
   6.19999981       4.25000000               5   23.1806984      0.636396348    
   7.09999990       4.30000019               5   22.8235340      0.672681212    
   7.84999990       4.50000000               5   19.6614552      0.430116206    
   7.59999990       4.15000010               5   21.7903614      0.522015333    
   7.25000000       3.54999995               5   23.8133144      0.500000000    
   7.80000019       3.34999990               5   21.2839680      0.585235178    
   8.05000019       2.75000000               5   18.1004295      0.649999917    
   8.50000000       3.25000000               5   17.3144321      0.499999672    
   8.10000038       3.54999995               5   19.9795780      0.360555321    
   8.14999962       4.00000000               5   19.6327133      0.452769220    
