           2   946591616.       946591552.    
           3   769467584.       777622656.    
           4   634872320.       635076224.    
           5   568636224.       572616192.    
           6   511483168.       521263232.    
           7   453768832.       470086944.    
           8   413318752.       427113760.    
           9   376872640.       387022400.    
          10   343845312.       357381376.    
          11   322124416.       334892160.    
          12   301207360.       314361600.    
          13   280658880.       295793088.    
          14   260517536.       279199936.    
          15   240819568.       268058704.    
          16   236717696.       256482736.    
          17   233319120.       247862320.    
          18   230111136.       241814624.    
          19   226718800.       235834512.    
          20   222846416.       229025280.    
