   439091.938       402842.625               1         334
   726207.438       323732.562               2          86
   778919.812       466609.969               3         317
   609191.812       770412.812               4         367
   774903.062       798102.938               5         291
   320542.562       509079.938               6         559
   669950.500       214461.391               7         270
   370217.469       252639.609               8         325
   193183.688       211612.891               9         360
   510270.344       605592.812              10         360
   569552.438       443778.188              11         383
   342175.844       754101.062              12         401
   779672.812       649904.000              13         327
   545036.188       292972.156              14         291
   228514.547       348895.281              15         329
