   315486.000       474542.000               1           0
   384300.000       773739.000               2           0
   790706.000       721114.000               3           0
   520899.000       598617.000               4           0
   679884.000       240328.000               5           0
   220787.000       341925.000               6           0
   433905.000       421673.000               7           0
   836801.000       442209.000               8           0
   620691.000       91896.0000               9           0
   574269.000       742996.000              10           0
   688832.000       624587.000              11           0
   493357.000       576660.000              12           0
   600673.000       779334.000              13           0
   361487.000       658702.000              14           0
   194864.000       243695.000              15           0
   821350.000       755248.000              16           0
   579444.000       685389.000              17           0
   586586.000       524767.000              18           0
   581572.000       428652.000              19           0
   263856.000       831239.000              20           0
