          17   6753.20508       7176.76709                  NaN  0.446214586    
           3   4714.10107       4723.36670       1.11775732      0.742028952    
           4   3844.36230       4078.17383       1.02973402      0.756005704    
           5   3302.98120       3509.17065      0.889160991      0.810281992    
           6   2929.17896       3129.85571      0.810267329      0.827974081    
           7   2727.12012       2903.23657      0.794868827      0.811846972    
           8   2542.43018       2664.33447      0.738387823      0.814805388    
           9   2337.55737       2508.85938      0.731316984      0.803866208    
          10   2197.41382       2335.39429      0.699302614      0.799006224    
          11   2052.99658       2243.70752      0.715412974      0.786851525    
          12   1969.02319       2132.78540                  NaN  0.780791879    
          13   1880.48584       2025.88965                  NaN  0.769864559    
          14   1738.52869       1937.71814      0.675384820      0.759205401    
          15   1681.30811       1842.37659      0.647105396      0.755742669    
          16   1632.37866       1770.98010                  NaN  0.746893287    
          17   1573.79150       1710.11768                  NaN  0.738349438    
