   15.5500002       28.6499996               2           6
   14.8999996       27.5499992               2           6
   14.4499998       28.3500004               2           6
   14.1499996       28.7999992               2           6
   13.7500000       28.0499992               2           6
   13.3500004       28.4500008               2           6
   13.0000000       29.1499996               2           6
   13.4499998       27.5000000               2           6
   13.6000004       26.5000000               2           6
   12.8000002       27.3500004               2           6
   12.3999996       27.8500004               2           6
   12.3000002       28.3999996               2           6
   12.1999998       28.6499996               2           6
   13.3999996       25.1000004               2           6
   12.9499998       25.9500008               2           6
   12.8999996       26.5000000               2           6
   11.8500004       27.0000000               2           6
   11.3500004       28.0000000               2           6
   11.1499996       28.7000008               2           6
   11.2500000       27.3999996               2           6
   10.7500000       27.7000008               2          14
   10.5000000       28.3500004               2          14
   9.64999962       28.4500008               2          14
   10.2500000       27.2500000               2          14
   10.7500000       26.5499992               2          14
   11.6999998       26.3500004               2           6
   11.6000004       25.8999996               2          14
   11.8999996       25.0499992               2          14
   12.6000004       24.0499992               2          14
   11.8999996       24.5000000               2          14
   11.1000004       25.2000008               2          14
   10.5500002       25.1499996               2          14
   10.0500002       25.9500008               2          14
   9.35000038       26.6000004               2          14
   9.30000019       27.2500000               2          14
   9.19999981       27.7999992               2          14
   7.50000000       28.2500000               2          14
   8.55000019       27.4500008               2          14
   8.50000000       27.0499992               2          14
   8.05000019       27.2000008               2          14
   7.84999990       26.7999992               2          14
   7.30000019       27.3999996               2          14
   6.80000019       26.8500004               2          14
   7.00000000       26.5000000               2          14
   7.55000019       26.2999992               2          14
   8.55000019       26.2999992               2          14
   9.00000000       25.8500004               2          14
   8.60000038       25.6499996               2          14
   9.39999962       25.5499992               2          14
   8.44999981       25.0499992               2          14
   8.85000038       24.6000004               2          14
   9.64999962       24.7000008               2          14
   10.5500002       24.3500004               2          14
   11.0500002       23.8999996               2          14
   10.5500002       23.5499992               2          14
   9.44999981       23.3500004               2          14
   9.19999981       23.8999996               2          14
   8.35000038       23.8999996               2          14
   7.34999990       24.7500000               2          15
   7.40000010       25.4500008               2          14
   6.59999990       25.7500000               2          15
   6.09999990       26.0000000               2          15
   5.80000019       26.9500008               2          15
   5.65000010       25.7999992               2          15
   5.30000019       26.1000004               2          15
   6.40000010       25.3999996               2          15
   5.40000010       25.2500000               2          15
   5.34999990       24.7000008               2          15
   4.80000019       25.0499992               2          15
   4.19999981       25.5499992               2          15
   6.40000010       24.7999992               2          15
   6.55000019       24.2999992               2          15
   7.40000010       24.2500000               2          15
   5.44999981       24.2000008               2          15
   4.30000019       24.0000000               2          15
   4.00000000       24.2500000               2          15
   3.34999990       23.2999992               2          15
   4.84999990       23.0499992               2          15
   4.30000019       22.7500000               2          15
   5.84999990       23.3999996               2          15
   5.90000010       23.5499992               2          15
   7.55000019       23.7000008               2          15
   6.84999990       23.2500000               2          15
   7.65000010       23.1000004               2          15
   6.94999981       22.5499992               2          15
   6.09999990       22.6000004               2          15
   5.50000000       22.6000004               2          15
   4.69999981       22.1000004               2          15
   3.79999995       21.8500004               2          15
   4.65000010       21.2000008               2          15
   4.15000010       20.3500004               2          15
   5.30000019       20.3999996               2          15
   5.59999990       20.7500000               2          15
   5.80000019       21.9500008               2          15
   6.40000010       21.9500008               2          15
   6.55000019       21.1499996               2          15
   7.44999981       21.9500008               2          15
   7.40000010       21.5499992               2          15
   7.75000000       21.2000008               2          15
   7.65000010       20.6499996               2          15
   6.94999981       19.7999992               2          15
   6.59999990       20.1000004               2          15
   6.05000019       20.2000008               2          15
   5.40000010       19.6499996               2          15
   5.34999990       19.0499992               2          15
   5.80000019       18.2500000               2          15
   6.30000019       19.1000004               2          15
   7.00000000       18.8999996               2           5
   7.15000010       17.8999996               2           5
   7.34999990       18.2000008               2           5
   8.19999981       20.0499992               2           5
   8.30000019       19.4500008               2           5
   8.30000019       18.5000000               2           5
   8.75000000       18.7999992               2           5
   9.05000019       18.2000008               2           5
   9.35000038       17.7000008               2           5
   8.89999962       17.6499996               2           5
   8.44999981       17.2000008               2           5
   10.0500002       17.2000008               2           5
   10.3999996       16.7500000               2           5
   8.60000038       20.8999996               2           5
   8.64999962       21.2999992               2           5
   8.64999962       21.8999996               2          15
   8.64999962       22.5000000               2          15
   8.94999981       22.7999992               2          15
   9.94999981       22.6499996               2           5
   8.94999981       22.2000008               2          15
   9.64999962       21.8999996               2           5
   10.5500002       22.2999992               2           5
   10.8999996       22.8500004               2          14
   11.3500004       23.4500008               2          14
   12.0500002       23.3999996               2          14
   12.3000002       22.7500000               2           5
   11.6999998       22.1499996               2           5
   11.1499996       22.0499992               2           5
   10.8500004       21.5000000               2           5
   10.8500004       21.0499992               2           5
   9.60000038       21.2999992               2           5
   9.85000038       20.7000008               2           5
   9.35000038       20.6000004               2           5
   9.25000000       19.6499996               2           5
   9.94999981       19.7999992               2           5
   10.6999998       20.3500004               2           5
   11.3000002       20.7000008               2           5
   12.3500004       21.6000004               2           5
   13.1000004       21.2999992               2           5
   12.8500004       20.7500000               2           5
   12.0000000       20.0000000               2           5
   11.0000000       19.8500004               2           5
   10.3500004       19.0000000               2           5
   9.89999962       18.6499996               2           5
   10.6000004       18.1499996               2           5
   11.3999996       18.2999992               2           5
   11.3999996       19.2500000               2           5
   12.3500004       18.7999992               2           5
   12.8000002       19.7500000               2           5
   12.1499996       18.1000004               2           5
   11.0500002       17.5000000               2           5
   11.9499998       17.2500000               2           5
   12.2500000       17.5000000               2           5
   13.0500002       17.3999996               2           5
   13.7500000       18.1499996               2           5
   13.5000000       18.6499996               2           5
   13.6499996       19.2500000               2           5
   14.0000000       19.8999996               2           5
   15.1999998       18.2000008               2           5
   15.5000000       17.1499996               2           5
   13.8999996       17.1000004               2           5
   13.7500000       16.6000004               2           5
   12.1499996       16.3999996               2           5
   7.80000019       13.6999998               7           9
   8.85000038       13.3500004               7           9
   9.00000000       12.6999998               7           9
   9.69999981       12.1000004               7           9
   8.05000019       12.8999996               7           9
   7.69999981       13.2500000               7           9
   6.80000019       13.1999998               7           9
   6.59999990       13.4499998               7           9
   6.19999981       12.5500002               7           9
   5.40000010       12.8500004               7           9
   5.69999981       12.2500000               7           9
   5.19999981       11.8999996               7           9
   5.15000010       11.3500004               7           9
   5.84999990       11.1999998               7           9
   6.09999990       11.7500000               7           9
   7.00000000       12.3500004               7           9
   7.05000019       12.4499998               7           9
   7.90000010       12.5000000               7           9
   8.55000019       12.1000004               7           9
   7.84999990       11.8500004               7           9
   7.09999990       11.9499998               7           9
   6.90000010       11.5000000               7           9
   6.84999990       10.8999996               7           9
   6.40000010       10.6999998               7           9
   5.90000010       10.3000002               7           9
   6.40000010       10.2500000               7           9
   7.05000019       10.0500002               7           9
   7.34999990       10.5000000               7           9
   7.65000010       11.1000004               7           9
   8.10000038       11.1999998               7           9
   8.80000019       11.3999996               7           9
   8.30000019       10.5500002               7           9
   9.00000000       10.8999996               7           9
   9.35000038       10.5000000               7           9
   10.1499996       11.0000000               4          17
   10.3999996       10.5500002               4          17
   10.8999996       10.0000000               4          17
   11.5500002       10.1999998               4          17
   11.7500000       10.8500004               4          17
   10.1000004       8.64999962               4          17
   11.0500002       9.10000038               4          17
   11.8500004       9.80000019               4          17
   12.8500004       10.6499996               4          17
   12.8999996       11.6999998               4          17
   13.6000004       11.1000004               4          17
   14.0500002       11.7500000               4           8
   14.5000000       11.8000002               4           8
   14.3000002       12.4499998               4           8
   17.0000000       12.8999996               4           8
   15.8000002       12.6000004               4           8
   15.8500004       12.0000000               4           8
   16.7000008       12.1999998               4           8
   16.2500000       11.6999998               4           8
   15.5500002       11.1499996               4           8
   14.8000002       11.3500004               4           8
   14.4499998       10.7500000               4           8
   13.7500000       10.4499998               4          17
   12.8000002       10.1000004               4          17
   13.1499996       9.80000019               4          17
   12.4499998       9.30000019               4          17
   11.8000002       8.94999981               4          17
   11.1000004       8.44999981               4          17
   10.3500004       7.69999981               4          17
   10.1000004       6.75000000               4          17
   11.3000002       7.94999981               4          17
   12.3500004       8.44999981               4          17
   13.1000004       8.94999981               4          17
   13.1999998       9.35000038               4          17
   14.1000004       10.0500002               4          17
   11.5000000       7.50000000               4          17
   11.3500004       6.90000010               4          17
   11.9499998       6.75000000               4          17
   12.3999996       7.09999990               4          17
   12.2500000       7.59999990               4          17
   12.9499998       7.59999990               4          17
   13.4499998       7.94999981               4          17
   13.3500004       8.25000000               4          17
   13.7500000       9.00000000               4          17
   14.3000002       9.30000019               4          16
   14.8500004       9.55000019               4          16
   15.1000004       10.2500000               4           8
   15.4499998       10.5500002               4           8
   16.3500004       10.8500004               4           8
   16.7500000       11.5000000               4           8
   16.2500000       10.1999998               4           8
   15.3999996       10.1000004               4           8
   15.4499998       9.69999981               4          16
   15.1499996       9.30000019               4          16
   15.2500000       8.64999962               4          16
   15.5500002       8.19999981               4          16
   14.2500000       8.69999981               4          16
   14.2500000       8.25000000               4          16
   15.0500002       7.80000019               4          16
   14.3000002       7.50000000               4          16
   13.5500002       7.44999981               4          16
   14.3000002       6.94999981               4          16
   13.9499998       6.69999981               4          16
   13.0500002       6.94999981               4          17
   13.0500002       6.19999981               4          16
   11.5500002       6.30000019               4          17
   10.8000002       5.84999990               4          17
   10.6000004       5.05000019               4          17
   11.3500004       5.55000019               4          17
   12.1499996       5.40000010               4          17
   12.3999996       5.80000019               4          17
   12.8000002       5.69999981               4          16
   13.6499996       5.90000010               4          16
   13.8999996       5.30000019               4           4
   13.1000004       5.09999990               4           4
   12.5500002       4.90000010               4           4
   11.5000000       4.75000000               4          17
   11.3500004       4.05000019               4           4
   12.3999996       4.34999990               4           4
   11.7500000       3.45000005               4           4
   12.6499996       3.70000005               4           4
   13.3999996       4.34999990               4           4
   13.8999996       4.94999981               4           4
   12.7500000       3.00000000               4           4
   13.5500002       3.15000010               4           4
   13.6999998       3.65000010               4           4
   14.1000004       4.09999990               4           4
   14.6499996       5.05000019               4           4
   14.3500004       5.75000000               4          16
   14.5000000       6.55000019               4          16
   15.1499996       7.09999990               4          16
   13.6000004       2.54999995               4           4
   14.4499998       2.40000010               4           4
   14.6000004       3.04999995               4           4
   15.0000000       3.40000010               4           4
   15.2500000       3.50000000               4           4
   14.6999998       4.09999990               4           4
   14.6999998       4.50000000               4           4
   15.2500000       2.70000005               4           4
   15.6499996       2.04999995               4           4
   15.9499998       2.79999995               4           4
   16.1000004       3.54999995               4           4
   15.8999996       4.00000000               4           4
   15.6000004       4.75000000               4           4
   15.5500002       5.05000019               4           4
   15.3500004       5.50000000               4           4
   15.1499996       5.94999981               4          16
   15.5000000       6.75000000               4          16
   15.6999998       6.34999990               4          16
   16.2000008       5.90000010               4          16
   16.3500004       5.34999990               4           4
   16.2000008       4.55000019               4           4
   16.5499992       4.19999981               4           4
   16.9500008       4.75000000               4           4
   17.0499992       5.09999990               4           4
   17.2999992       4.80000019               4           4
   17.2999992       4.15000010               4           4
   17.6000004       4.30000019               4           4
   17.0499992       3.70000005               4           4
   17.2500000       3.04999995               4           4
   16.6499996       2.79999995               4           4
   16.5499992       2.15000010               4           4
   17.2000008       2.04999995               4           4
   18.1499996       1.95000005               4           4
   18.0499992       2.45000005               4           4
   18.1499996       3.04999995               4           4
   18.6000004       3.45000005               4          12
   18.3999996       3.59999990               4          12
   18.8500004       3.20000005               4          12
   19.1000004       2.65000010               4          12
   19.4500008       2.65000010               4          12
   19.0000000       2.09999990               4          12
   19.8999996       2.04999995               4          12
   20.4500008       2.79999995               4          12
   19.7999992       3.25000000               4          12
   19.4500008       3.90000010               4          12
   18.6499996       4.19999981               4          12
   18.3999996       4.59999990               4          12
   18.6499996       4.75000000               4          12
   18.7500000       5.15000010               4          12
   19.1000004       4.55000019               4          12
   17.8999996       5.40000010               4           4
   17.6499996       5.69999981               4           4
   17.0499992       6.05000019               4          16
   17.3999996       6.50000000               4          16
   16.6000004       6.84999990               4          16
   15.6999998       7.15000010               4          16
   15.7500000       7.75000000               4          16
   16.6000004       7.94999981               4          16
   20.3999996       3.40000010               4          12
   20.7000008       3.45000005               4          12
   21.1499996       2.84999990               4          12
   21.7500000       2.65000010               4          12
   22.0000000       3.25000000               4          12
   22.2000008       3.50000000               4          12
   21.4500008       3.75000000               4          12
   21.1000004       4.05000019               4          12
   20.1499996       4.30000019               4          12
   20.7999992       4.69999981               4          12
   20.7000008       5.15000010               4          12
   19.7500000       5.05000019               4          12
   19.8500004       5.50000000               4          12
   20.3999996       5.65000010               4          12
   20.5499992       5.75000000               4          12
   18.7000008       5.75000000               4          12
   19.2500000       5.94999981               4          12
   18.3999996       6.00000000               4          12
   18.4500008       6.59999990               4          16
   17.6499996       7.05000019               4          16
   16.7000008       7.40000010               4          16
   18.6499996       7.30000019               4          16
   18.0499992       7.34999990               4          16
   17.8500004       7.75000000               4          16
   17.5000000       8.25000000               4          16
   17.1499996       8.60000038               4          16
   17.0499992       9.00000000               4           8
   16.3999996       8.69999981               4          16
   16.0499992       8.94999981               4          16
   16.0499992       9.60000038               4           8
   16.5000000       9.75000000               4           8
   17.2500000       9.60000038               4           8
   17.6000004       9.89999962               4           8
   17.7999992       9.30000019               4           8
   18.0000000       8.55000019               4           8
   18.7999992       8.10000038               4           8
   18.7999992       8.35000038               4           8
   19.3999996       7.59999990               4           7
   19.2500000       6.59999990               4          12
   20.0499992       6.94999981               4           7
   19.7999992       7.50000000               4           7
   20.0499992       6.34999990               4           7
   21.1499996       5.69999981               4          12
   21.6499996       4.84999990               4          12
   22.1499996       4.34999990               4          12
   23.0499992       3.34999990               4          12
   23.0499992       3.79999995               4          12
   23.1499996       4.40000010               4          12
   22.5000000       4.75000000               4          12
   22.1499996       5.19999981               4           7
   24.1499996       4.55000019               4           7
   23.5000000       5.05000019               4           7
   23.1000004       5.30000019               4           7
   23.0000000       5.75000000               4           7
   22.2000008       5.75000000               4           7
   21.8500004       6.19999981               4           7
   20.7500000       6.55000019               4           7
   21.0000000       7.15000010               4           7
   20.7500000       7.65000010               4           7
   20.0000000       8.19999981               4           2
   19.5000000       8.64999962               4           2
   18.8500004       9.05000019               4           8
   18.7500000       9.55000019               4           8
   18.6000004       10.0000000               4           8
   16.9500008       10.3500004               4           8
   17.3500004       10.8500004               4           8
   18.0000000       10.6499996               4           8
   18.5000000       10.5500002               4           8
   18.1000004       11.1000004               4           8
   17.5499992       11.3000002               4           8
   17.9500008       11.8999996               4           8
   18.2999992       12.0000000               4           8
   18.0000000       12.5000000               4           8
   19.0000000       11.6499996               4           8
   19.5000000       11.0500002               4           8
   19.4500008       10.5500002               4           8
   19.3999996       9.64999962               4           2
   20.1000004       9.39999962               4           2
   20.0499992       9.94999981               4           2
   20.0499992       10.1999998               4           2
   19.3500004       12.1999998               4           8
   19.2000008       12.2500000               4           8
   20.0499992       11.6000004               4           2
   20.6000004       11.1499996               4           2
   20.7000008       10.6499996               4           2
   21.2999992       11.6499996               4           2
   21.7999992       11.1499996               4           2
   21.8500004       10.6999998               4           2
   21.6499996       10.0500002               4           2
   20.9500008       10.1999998               4           2
   20.8999996       9.69999981               4           2
   21.6499996       9.44999981               4           2
   21.2000008       9.25000000               4           2
   20.7500000       8.75000000               4           2
   20.5499992       8.75000000               4           2
   21.1000004       8.00000000               4           7
   21.6499996       8.64999962               4           2
   21.7500000       8.19999981               4           7
   21.9500008       7.55000019               4           7
   22.0000000       6.75000000               4           7
   22.7999992       6.44999981               4           7
   22.6499996       6.65000010               4           7
   22.7500000       7.05000019               4           7
   23.0000000       7.34999990               4           7
   22.5499992       7.90000010               4           7
   22.2000008       8.69999981               4           2
   22.8999996       8.44999981               4           7
   22.3500004       9.19999981               4           2
   22.7500000       9.35000038               4           2
   22.3999996       10.0500002               4           2
   23.0499992       10.8999996               4           2
   23.2999992       9.85000038               4           2
   23.9500008       9.80000019               4           2
   23.6499996       9.10000038               4           2
   23.7000008       8.85000038               4           2
   24.2500000       8.25000000               4           7
   24.8500004       7.94999981               4           7
   23.5000000       7.84999990               4           7
   23.8500004       7.34999990               4           7
   23.9500008       6.90000010               4           7
   23.6499996       6.50000000               4           7
   23.6000004       5.69999981               4           7
   24.2999992       5.65000010               4           7
   24.7999992       6.40000010               4           7
   34.0499992       3.50000000               3           1
   33.0499992       3.84999990               3           1
   32.0000000       3.79999995               3           1
   31.8999996       4.40000010               3           1
   31.0499992       4.75000000               3           1
   30.3999996       5.65000010               3           1
   30.7500000       6.09999990               3           1
   30.0000000       6.69999981               3           1
   30.1000004       7.40000010               3           1
   29.5000000       8.14999962               3           1
   30.7500000       8.00000000               3           1
   30.8500004       7.34999990               3           1
   31.5000000       6.75000000               3           1
   31.7500000       5.94999981               3           1
   32.3499985       6.44999981               3           1
   32.7999992       6.00000000               3           1
   32.0499992       5.09999990               3           1
   32.7999992       4.80000019               3           1
   32.6500015       4.40000010               3           1
   33.6500015       4.59999990               3           1
   33.0499992       5.15000010               3           1
   33.5999985       5.44999981               3           1
   34.5000000       5.05000019               3           1
   34.9000015       4.65000010               3           1
   35.4500008       4.09999990               3           1
   34.5999985       4.05000019               3           1
   34.2000008       4.19999981               3           1
   36.2999992       5.19999981               3           1
   35.5499992       5.34999990               3           1
   35.9500008       6.05000019               3           1
   34.7999992       5.84999990               3           1
   33.7000008       6.15000010               3           1
   33.9500008       6.59999990               3           1
   33.7000008       7.05000019               3           1
   32.7500000       7.09999990               3           1
   32.2999992       7.65000010               3           1
   33.0000000       7.90000010               3           1
   31.9500008       8.14999962               3           1
   31.1499996       8.64999962               3           1
   30.3500004       8.85000038               3           1
   29.8500004       9.00000000               3           1
   30.7000008       9.14999962               3           1
   29.7000008       9.89999962               3          13
   30.4500008       9.94999981               3          13
   30.9500008       9.85000038               3          13
   31.7999992       9.44999981               3           1
   32.4500008       8.80000019               3           1
   33.5499992       8.60000038               3           1
   34.3499985       7.69999981               3           1
   34.7000008       8.00000000               3           1
   34.5999985       7.25000000               3           1
   35.0000000       6.80000019               3           1
   35.5000000       7.34999990               3           1
   36.0999985       7.50000000               3           1
   36.5499992       7.00000000               3           1
   36.0000000       8.19999981               3           1
   35.3499985       8.05000019               3           1
   36.5499992       8.64999962               3           1
   36.4000015       9.10000038               3           1
   35.5000000       9.10000038               3           1
   34.5499992       8.85000038               3           1
   35.2500000       9.39999962               3           1
   34.4000015       9.50000000               3           1
   33.5000000       9.30000019               3           1
   33.8499985       9.80000019               3          13
   32.5000000       9.64999962               3          13
   32.2999992       10.2500000               3          13
   33.2999992       10.3000002               3          13
   31.6000004       10.5000000               3          13
   30.6000004       10.5000000               3          13
   30.3999996       11.1000004               3          13
   30.8999996       11.4499998               3          13
   30.7000008       11.6499996               3          13
   30.3999996       12.0500002               3          13
   31.2000008       12.0000000               3          13
   31.9500008       11.3500004               3          13
   31.6499996       11.0500002               3          13
   32.9500008       11.1499996               3          13
   32.6500015       11.6999998               3          13
   32.2500000       12.2500000               3          13
   32.0499992       12.2500000               3          13
   31.2999992       12.6999998               3          13
   31.9500008       12.9499998               3          13
   32.7500000       13.1000004               3          13
   33.1500015       13.1999998               3          13
   33.0999985       12.7500000               3          13
   33.1500015       12.1000004               3          13
   34.2999992       11.7500000               3          13
   34.0000000       10.8500004               3          13
   34.6500015       11.0000000               3          13
   34.7999992       10.1000004               3          13
   35.6500015       9.85000038               3          13
   36.3499985       10.0000000               3          13
   35.5499992       10.7500000               3          13
   35.7999992       11.5500002               3          13
   35.2000008       11.7500000               3          13
   34.7000008       11.7500000               3          13
   34.9500008       12.7500000               3          13
   34.0499992       12.5500002               3          13
   34.0499992       13.0500002               3          13
   33.2500000       13.6999998               3          13
   33.2000008       14.1499996               3          13
   33.2500000       14.6999998               6          13
   33.0000000       15.1499996               6          13
   32.9500008       15.6499996               6          13
   32.5999985       16.1499996               6          13
   32.4500008       16.7500000               6          13
   32.6500015       17.0499992               6          13
   32.7500000       17.2999992               6          13
   31.7500000       17.2000008               6          13
   31.7000008       17.6499996               6           3
   31.0000000       17.5000000               6           3
   31.1499996       17.8999996               6           3
   30.4500008       18.0499992               6           3
   30.0499992       18.7999992               6           3
   30.5499992       18.7999992               6           3
   30.5000000       19.2999992               6           3
   30.2500000       19.3999996               6           3
   29.6000004       19.8500004               6           3
   29.1499996       20.5499992               6           3
   30.2500000       20.4500008               6           3
   30.7000008       20.0499992               6           3
   31.0000000       19.8999996               6           3
   31.5499992       19.6499996               6           3
   31.5000000       18.5499992               6           3
   32.0499992       18.6000004               6           3
   31.9500008       19.1000004               6           3
   32.5999985       18.3500004               6           3
   32.8499985       17.9500008               6           3
   33.4500008       17.4500008               6          13
   33.7000008       17.0000000               6          13
   34.2500000       17.3500004               6          13
   34.2999992       18.0499992               6           3
   33.8499985       18.3999996               6           3
   33.0499992       18.8500004               6           3
   33.2500000       18.9500008               6           3
   32.7999992       19.1499996               6           3
   32.2999992       19.8500004               6           3
   32.7999992       20.0000000               6           3
   31.7500000       20.2500000               6           3
   31.7500000       20.7500000               6           3
   32.0999985       21.1499996               6           3
   31.5499992       21.6000004               6           3
   30.6499996       21.2999992               6           3
   29.9500008       21.6000004               6           3
   29.5000000       21.6000004               6           3
   30.3500004       22.0499992               6           3
   31.0499992       22.0000000               6           3
   31.5499992       22.2000008               6           3
   30.9500008       22.6499996               6           3
   30.2999992       23.1000004               6           3
   29.6000004       23.1499996               6           3
   29.3500004       22.5499992               6           3
   29.2000008       23.8500004               6           3
   30.7500000       24.0000000               6           3
   30.9500008       24.1499996               6           3
   31.4500008       23.7000008               6           3
   31.9500008       23.1499996               6           3
   32.5499992       22.0499992               6           3
   32.5999985       22.5499992               6           3
   33.2500000       22.2500000               6           3
   33.6500015       21.8999996               6           3
   33.5000000       21.2999992               6           3
   33.0999985       20.7500000               6           3
   33.7999992       20.3999996               6           3
   33.8499985       20.0000000               6           3
   34.1500015       19.2999992               6           3
   34.8499985       18.8500004               6           3
   35.2999992       18.5499992               6           3
   35.4000015       19.3500004               6           3
   34.5499992       19.7500000               6           3
   35.0499992       20.0000000               6           3
   35.9500008       19.8500004               6           3
   36.3499985       20.6000004               6           3
   35.5000000       20.5499992               6           3
   34.4500008       20.6499996               6           3
   34.4000015       21.2500000               6           3
   35.0000000       21.0499992               6           3
   35.7500000       21.2999992               6           3
   35.0499992       21.5000000               6           3
   34.5999985       22.0499992               6           3
   34.2000008       21.7500000               6           3
   36.2500000       21.9500008               6           3
   35.7000008       22.2999992               6           3
   35.5000000       22.8999996               6           3
   35.8499985       23.2500000               6           3
   36.2999992       23.7999992               6           3
   35.4500008       24.1000004               6           3
   34.9000015       23.5000000               6           3
   34.2000008       22.8999996               6           3
   33.8499985       23.2999992               6           3
   33.2500000       23.3500004               6           3
   32.4500008       23.7000008               6           3
   33.5999985       23.8999996               6           3
   34.2500000       23.9500008               6           3
   34.2500000       24.1000004               6           3
   35.4000015       24.7000008               6           3
   35.1500015       25.2999992               6           3
   34.4000015       24.8999996               6           3
   33.7000008       24.8500004               6           3
   32.2500000       24.4500008               6           3
   32.5000000       24.7000008               6           3
   31.4500008       24.4500008               6           3
   31.5499992       25.2000008               6           3
   31.0499992       25.0000000               6           3
   30.2500000       24.2999992               6           3
   29.7999992       24.7999992               6           3
   29.6000004       25.5000000               6           3
   29.7000008       26.0499992               6           3
   30.5000000       25.5000000               6           3
   30.6499996       26.0000000               6           3
   31.2500000       26.0499992               6           3
   31.4500008       26.9500008               6           3
   30.7500000       26.8999996               6           3
   30.6499996       27.1499996               6           3
   31.2500000       27.8500004               6           3
   31.8500004       27.7500000               6           3
   32.7000008       28.2000008               6           3
   33.2500000       27.5499992               6           3
   32.4000015       27.1000004               6           3
   32.1500015       26.6499996               6           3
   32.3499985       25.9500008               6           3
   32.9500008       25.5000000               6           3
   33.8499985       26.0499992               6           3
   33.0499992       26.5000000               6           3
   33.6500015       27.0000000               6           3
   34.0999985       27.3500004               6           3
   34.2000008       27.9500008               6           3
   34.6500015       26.8500004               6           3
   35.2500000       26.0000000               6           3
   35.7000008       26.1499996               6           3
   34.4000015       25.6000004               6           3
   21.2999992       20.7999992               1          10
   20.1499996       20.8999996               1          10
   19.2000008       21.3500004               1          10
   19.1000004       21.8500004               1          10
   18.4500008       22.7999992               1          10
   18.7500000       22.9500008               1          10
   19.3999996       23.0000000               1          10
   19.5499992       22.2500000               1          10
   19.7999992       21.8500004               1          10
   20.5000000       21.8500004               1          10
   21.4500008       21.4500008               1          10
   21.7000008       21.8999996               1          10
   21.3999996       22.2999992               1          10
   21.0000000       22.6000004               1          10
   21.1499996       22.9500008               1          10
   20.5000000       22.8500004               1          10
   19.7500000       23.6499996               1          10
   19.2000008       23.7000008               1          10
   18.4500008       24.3500004               1          10
   20.6499996       23.8500004               1          10
   20.6499996       24.2999992               1          10
   19.7000008       24.6000004               1          10
   20.1499996       25.0499992               1          10
   22.1499996       25.1000004               1          10
   21.6000004       24.6499996               1          10
   21.7000008       23.7999992               1          10
   21.8999996       23.6499996               1          10
   22.5499992       23.5000000               1          10
   22.5499992       24.2999992               1          10
   23.2999992       24.4500008               1          10
   24.2500000       24.3500004               1          10
   23.7999992       25.2500000               1          10
   23.3999996       23.7999992               1          10
   22.8999996       23.2000008               1          10
   22.2999992       22.7999992               1          10
   22.2000008       22.3999996               1          10
   23.1000004       21.7000008               1          10
   22.8500004       21.8999996               1          10
   22.6499996       21.1000004               1          10
   23.1499996       22.6000004               1          10
   24.1000004       21.8999996               1          10
   24.7000008       22.2000008               1          10
   24.2999992       22.6000004               1          10
   24.1499996       23.2999992               1          10
   23.8999996       23.4500008               1          10
   5.19999981       2.15000010               5          11
   6.34999990       1.95000005               5          11
   6.75000000       2.29999995               5          11
   5.90000010       2.40000010               5          11
   5.40000010       2.70000005               5          11
   4.84999990       2.90000010               5          11
   4.84999990       3.34999990               5          11
   5.15000010       3.45000005               5          11
   5.69999981       3.45000005               5          11
   6.19999981       3.00000000               5          11
   6.19999981       3.20000005               5          11
   7.65000010       2.15000010               5          11
   7.19999981       2.75000000               5          11
   6.75000000       3.20000005               5          11
   6.75000000       3.54999995               5          11
   6.65000010       3.79999995               5          11
   5.80000019       4.00000000               5          11
   4.94999981       4.05000019               5          11
   5.09999990       4.34999990               5          11
   5.69999981       4.44999981               5          11
   5.44999981       4.84999990               5          11
   6.69999981       4.80000019               5          11
   6.55000019       5.05000019               5          11
   7.19999981       4.90000010               5          11
   6.19999981       4.25000000               5          11
   7.09999990       4.30000019               5          11
   7.84999990       4.50000000               5          11
   7.59999990       4.15000010               5          11
   7.25000000       3.54999995               5          11
   7.80000019       3.34999990               5          11
   8.05000019       2.75000000               5          11
   8.50000000       3.25000000               5          11
   8.10000038       3.54999995               5          11
   8.14999962       4.00000000               5          11
