   24.2999992       22.6000004               1           0
   32.7999992       6.00000000               2           0
   16.7500000       11.5000000               3           0
   9.39999962       25.5499992               4           0
   4.94999981       4.05000019               5           0
   29.7000008       26.0499992               6           0
   6.40000010       25.3999996               7           0
   23.0499992       3.34999990               8           0
   13.6499996       19.2500000               9           0
   7.44999981       21.9500008              10           0
   20.0499992       11.6000004              11           0
   13.3500004       28.4500008              12           0
   31.2999992       12.6999998              13           0
   20.7999992       4.69999981              14           0
   14.2500000       8.69999981              15           0
   29.5000000       21.6000004              16           0
   36.2500000       21.9500008              17           0
